245.98558044433594 
329.6912536621094 
230.27984619140625 
256.19921875 
181.89138793945312 
252.52606201171875 
189.54449462890625 
303.1098327636719 
224.7098388671875 
331.3907470703125 
172.82315063476562 
200.47406005859375 
302.9867248535156 
198.76644897460938 
172.7683563232422 
273.744873046875 
324.10205078125 
267.82037353515625 
251.03688049316406 
175.6947784423828 
286.04669189453125 
245.04080200195312 
310.06890869140625 
208.93605041503906 
234.41552734375 
158.10040283203125 
196.85885620117188 
235.69949340820312 
244.61395263671875 
233.59022521972656 
285.8736572265625 
225.80166625976562 
192.59909057617188 
214.0348663330078 
197.28573608398438 
231.11062622070312 
179.76058959960938 
214.11862182617188 
245.0310821533203 
268.62957763671875 
175.25196838378906 
285.0579833984375 
205.82843017578125 
222.24630737304688 
252.51309204101562 
212.0866241455078 
257.93707275390625 
275.48773193359375 
239.5276641845703 
234.70985412597656 
177.00234985351562 
210.2045135498047 
242.9494171142578 
227.47286987304688 
307.3720703125 
244.50161743164062 
310.0473937988281 
234.59280395507812 
371.66070556640625 
201.66053771972656 
204.75894165039062 
176.36492919921875 
318.38134765625 
227.6738739013672 
263.67803955078125 
291.8428039550781 
189.1573944091797 
249.25633239746094 
269.5689697265625 
258.22320556640625 
220.48313903808594 
204.6871337890625 
259.7447204589844 
194.95831298828125 
290.1375427246094 
256.8515319824219 
174.28543090820312 
225.32476806640625 
268.4944763183594 
299.5001220703125 
284.57745361328125 
231.6453857421875 
194.5021209716797 
259.080322265625 
236.3261260986328 
229.19473266601562 
206.19822692871094 
275.08831787109375 
208.92320251464844 
303.9597473144531 
253.02560424804688 
321.9073486328125 
209.49734497070312 
192.83343505859375 
219.78811645507812 
295.43524169921875 
292.82476806640625 
352.4279479980469 
236.29481506347656 
319.36627197265625 
220.7945556640625 
209.3276824951172 
216.06143188476562 
332.4613342285156 
246.81427001953125 
187.8626251220703 
239.21681213378906 
270.40948486328125 
223.50051879882812 
267.259521484375 
277.3404846191406 
237.99099731445312 
243.70013427734375 
251.65655517578125 
266.285888671875 
224.8461151123047 
261.716552734375 
239.96640014648438 
249.9285888671875 
261.11175537109375 
186.38929748535156 
300.4462890625 
182.30137634277344 
232.76515197753906 
261.5237731933594 
179.78216552734375 
232.96478271484375 
242.40939331054688 
195.88656616210938 
284.3479309082031 
289.89862060546875 
217.9693603515625 
230.44622802734375 
224.656494140625 
210.31784057617188 
319.302001953125 
265.48699951171875 
189.99893188476562 
189.27194213867188 
340.35650634765625 
212.41990661621094 
199.0872344970703 
191.56582641601562 
290.5021667480469 
294.13604736328125 
260.90167236328125 
323.73651123046875 
306.2815856933594 
327.47369384765625 
378.3667297363281 
233.74766540527344 
244.36505126953125 
265.2120666503906 
183.25076293945312 
203.4041748046875 
196.5026397705078 
246.80404663085938 
182.27459716796875 
274.01641845703125 
242.97784423828125 
224.9837646484375 
232.43055725097656 
173.93838500976562 
265.3301086425781 
245.77352905273438 
255.4313507080078 
242.70187377929688 
153.29132080078125 
284.66558837890625 
192.30593872070312 
270.7572937011719 
244.35202026367188 
281.5701904296875 
220.98533630371094 
197.635009765625 
204.98507690429688 
139.47451782226562 
253.18093872070312 
318.8748779296875 
151.92320251464844 
214.578857421875 
140.67266845703125 
233.7113037109375 
350.5201721191406 
285.27520751953125 
272.887451171875 
173.20504760742188 
378.9895935058594 
159.287353515625 
299.37115478515625 
295.6513366699219 
193.9044189453125 
219.46356201171875 
271.4566650390625 
303.8937683105469 
190.93663024902344 
258.3533020019531 
216.79934692382812 
177.4626922607422 
327.03631591796875 
254.2623291015625 
219.15074157714844 
236.37484741210938 
276.3532409667969 
248.58978271484375 
277.6504211425781 
253.88787841796875 
206.71951293945312 
453.2611999511719 
235.35653686523438 
347.2854309082031 
296.5546875 
220.92405700683594 
273.7635803222656 
203.5675048828125 
206.91470336914062 
408.57464599609375 
246.946533203125 
268.788330078125 
185.7802276611328 
210.10414123535156 
268.4705505371094 
288.36834716796875 
308.27032470703125 
405.35198974609375 
237.81329345703125 
316.7275390625 
222.18502807617188 
286.83209228515625 
255.15463256835938 
210.91018676757812 
241.2379608154297 
311.5438537597656 
330.5082092285156 
244.95468139648438 
176.78472900390625 
179.10934448242188 
244.4594268798828 
205.95779418945312 
282.2589111328125 
345.21905517578125 
251.09585571289062 
377.46368408203125 
260.1850891113281 
189.09799194335938 
227.16558837890625 
257.5938415527344 
236.97642517089844 
156.23573303222656 
208.08135986328125 
175.2938690185547 
248.53680419921875 
355.69805908203125 
258.702880859375 
292.1568603515625 
223.57028198242188 
269.6545104980469 
251.6790313720703 
189.08944702148438 
270.2233581542969 
261.2046203613281 
239.3416290283203 
228.84176635742188 
268.4629821777344 
215.62452697753906 
264.85992431640625 
250.04483032226562 
252.29307556152344 
225.5885467529297 
287.61907958984375 
192.510986328125 
260.17425537109375 
243.4527130126953 
227.60763549804688 
222.316650390625 
274.29217529296875 
161.45834350585938 
281.693115234375 
204.04705810546875 
205.73390197753906 
381.94952392578125 
298.91357421875 
283.0441589355469 
203.80963134765625 
283.97406005859375 
234.70770263671875 
261.83251953125 
221.05917358398438 
241.06524658203125 
303.74005126953125 
280.27008056640625 
306.76885986328125 
206.25296020507812 
198.201416015625 
273.7301025390625 
332.0294189453125 
257.6367492675781 
283.76812744140625 
318.32257080078125 
256.9183349609375 
426.4061279296875 
430.57763671875 
184.85205078125 
170.87158203125 
394.822021484375 
230.2281494140625 
232.57241821289062 
263.7918701171875 
173.55087280273438 
322.5377197265625 
278.9539489746094 
198.77386474609375 
324.97467041015625 
253.74281311035156 
262.8627014160156 
239.4120330810547 
168.2962188720703 
203.23675537109375 
201.02183532714844 
192.23886108398438 
171.50634765625 
206.84103393554688 
255.01712036132812 
231.39495849609375 
288.0810852050781 
204.736328125 
248.9160919189453 
310.9388122558594 
381.62921142578125 
297.0210876464844 
253.13729858398438 
242.87890625 
264.04156494140625 
167.92977905273438 
244.20291137695312 
213.43283081054688 
272.6319885253906 
179.65679931640625 
256.56494140625 
184.43292236328125 
257.7582702636719 
220.92422485351562 
313.4897766113281 
321.50897216796875 
287.3388366699219 
346.10491943359375 
278.61126708984375 
175.81698608398438 
240.78741455078125 
249.2085723876953 
232.55758666992188 
273.4547119140625 
189.7224578857422 
259.22796630859375 
332.9081115722656 
234.23110961914062 
267.3406066894531 
292.52020263671875 
293.95538330078125 
298.1729736328125 
246.01039123535156 
247.27149963378906 
259.4510498046875 
198.33224487304688 
240.75631713867188 
234.00717163085938 
265.0530700683594 
258.6822814941406 
251.61721801757812 
176.5048370361328 
251.73448181152344 
284.91656494140625 
296.95538330078125 
218.2621612548828 
287.6895751953125 
334.39263916015625 
284.291748046875 
233.97119140625 
278.18560791015625 
260.7451171875 
218.9230499267578 
212.58741760253906 
167.2823486328125 
301.1117858886719 
315.60015869140625 
274.45648193359375 
212.22889709472656 
319.4238586425781 
217.91592407226562 
267.19195556640625 
302.18658447265625 
232.69046020507812 
245.70339965820312 
240.49349975585938 
231.86181640625 
261.04254150390625 
237.4001922607422 
250.2818603515625 
272.6073913574219 
205.78573608398438 
250.3190460205078 
223.49472045898438 
264.48553466796875 
201.61427307128906 
225.07440185546875 
186.21871948242188 
332.3349609375 
264.7464599609375 
245.68751525878906 
254.1097412109375 
256.80303955078125 
211.0703125 
216.8451690673828 
291.83648681640625 
215.52618408203125 
243.96487426757812 
290.45751953125 
187.26992797851562 
286.8221740722656 
173.08261108398438 
284.919677734375 
231.82443237304688 
189.54920959472656 
209.0485076904297 
246.57325744628906 
333.0964050292969 
273.36907958984375 
208.20803833007812 
285.0152282714844 
211.8519287109375 
243.9686279296875 
278.3732604980469 
274.7957763671875 
227.52752685546875 
265.01702880859375 
234.43560791015625 
275.63128662109375 
175.265625 
355.4625244140625 
187.69961547851562 
268.9166259765625 
222.32443237304688 
273.78997802734375 
270.92718505859375 
251.9453887939453 
226.2809295654297 
208.58529663085938 
240.0891571044922 
215.21238708496094 
277.1265869140625 
253.8543701171875 
267.68408203125 
275.1325378417969 
263.5028381347656 
168.34677124023438 
184.53961181640625 
279.97503662109375 
194.37161254882812 
227.9112548828125 
189.21456909179688 
200.90968322753906 
286.732421875 
209.58291625976562 
233.45269775390625 
249.37753295898438 
272.43951416015625 
270.7063903808594 
439.69769287109375 
223.97671508789062 
285.203857421875 
394.2167053222656 
178.18521118164062 
199.15499877929688 
370.43975830078125 
241.25099182128906 
228.80096435546875 
164.181640625 
240.84176635742188 
234.99188232421875 
234.01771545410156 
329.1229248046875 
239.025146484375 
252.1595001220703 
225.48233032226562 
167.77713012695312 
204.73681640625 
245.10281372070312 
242.8174285888672 
260.4912109375 
227.08319091796875 
309.69866943359375 
244.77395629882812 
375.5562438964844 
209.23878479003906 
298.2435302734375 
231.67945861816406 
255.59048461914062 
200.22811889648438 
199.7494354248047 
264.34228515625 
266.68646240234375 
230.36660766601562 
244.2982177734375 
216.18666076660156 
253.54641723632812 
258.6679382324219 
275.7757263183594 
241.73106384277344 
231.2899169921875 
227.24559020996094 
229.08746337890625 
259.60614013671875 
159.69747924804688 
313.25299072265625 
142.36050415039062 
231.58705139160156 
478.55401611328125 
235.25881958007812 
207.90121459960938 
213.57618713378906 
323.1049499511719 
250.69358825683594 
235.2886199951172 
217.36691284179688 
334.01971435546875 
270.6851806640625 
280.45904541015625 
265.18829345703125 
337.1184387207031 
224.6251220703125 
241.9066162109375 
325.40753173828125 
266.7542724609375 
250.5555419921875 
368.99395751953125 
346.25225830078125 
271.670166015625 
246.3310089111328 
268.15924072265625 
311.53863525390625 
235.33685302734375 
209.1036834716797 
312.0591735839844 
244.27810668945312 
216.0458526611328 
215.15921020507812 
226.10202026367188 
294.46600341796875 
192.10574340820312 
173.82119750976562 
174.82687377929688 
259.8043212890625 
260.320556640625 
260.09124755859375 
274.45361328125 
217.16351318359375 
258.573486328125 
339.2626953125 
251.81524658203125 
336.2149658203125 
209.1766357421875 
300.26263427734375 
196.82211303710938 
238.16476440429688 
192.27951049804688 
272.00714111328125 
230.95394897460938 
310.131591796875 
294.230224609375 
200.45330810546875 
204.17431640625 
247.07411193847656 
271.307373046875 
315.0415344238281 
359.32257080078125 
247.833251953125 
205.89630126953125 
215.25216674804688 
229.6130828857422 
262.42266845703125 
278.75994873046875 
279.1025390625 
253.84384155273438 
259.999267578125 
199.4261932373047 
221.1708221435547 
327.21343994140625 
271.3145446777344 
184.16738891601562 
329.1070556640625 
274.9402770996094 
314.83477783203125 
254.97747802734375 
442.372802734375 
256.96575927734375 
260.20599365234375 
124.88243103027344 
283.2952880859375 
209.5072021484375 
305.2809143066406 
234.38624572753906 
205.92001342773438 
193.5629119873047 
205.13250732421875 
207.80088806152344 
216.46389770507812 
264.2671203613281 
215.83309936523438 
265.9607238769531 
177.02772521972656 
282.8175354003906 
236.66940307617188 
145.91555786132812 
265.5456848144531 
260.6954345703125 
239.5428924560547 
191.05606079101562 
201.07994079589844 
199.6707305908203 
198.36868286132812 
210.68218994140625 
332.7603759765625 
246.13662719726562 
263.3563232421875 
302.28619384765625 
399.28814697265625 
193.56285095214844 
226.66943359375 
224.74874877929688 
212.5876007080078 
252.3258514404297 
225.982666015625 
255.8404541015625 
232.7919158935547 
286.9705505371094 
264.9736328125 
279.03814697265625 
198.82235717773438 
233.13418579101562 
279.4441223144531 
310.44525146484375 
224.7274169921875 
275.8152770996094 
284.3634033203125 
272.5413818359375 
326.35125732421875 
235.78311157226562 
266.7380065917969 
297.93572998046875 
272.59527587890625 
262.4863586425781 
235.63377380371094 
188.25820922851562 
210.68865966796875 
207.11749267578125 
186.51324462890625 
310.3294372558594 
177.58389282226562 
315.2032470703125 
195.65240478515625 
245.18899536132812 
271.4378662109375 
248.36734008789062 
164.7803955078125 
186.680908203125 
272.90985107421875 
200.92764282226562 
223.3964080810547 
343.8672790527344 
273.1569519042969 
249.87722778320312 
305.9505920410156 
266.2598571777344 
261.47357177734375 
309.1947021484375 
231.3794708251953 
295.2904357910156 
262.80499267578125 
235.57656860351562 
279.7004089355469 
361.280517578125 
255.5804901123047 
284.6144714355469 
281.49853515625 
193.64285278320312 
253.4146270751953 
220.07562255859375 
242.52479553222656 
212.27978515625 
202.958984375 
175.07774353027344 
381.39581298828125 
233.48516845703125 
189.53170776367188 
278.22998046875 
258.18328857421875 
246.93533325195312 
222.5006103515625 
314.30938720703125 
259.1777038574219 
247.01455688476562 
156.34234619140625 
265.7451171875 
199.24420166015625 
301.748779296875 
264.89892578125 
206.341796875 
367.44744873046875 
444.1133728027344 
320.195068359375 
211.36688232421875 
235.38470458984375 
359.36663818359375 
301.1680908203125 
247.50184631347656 
228.76991271972656 
271.93878173828125 
306.16046142578125 
274.8635559082031 
288.0722351074219 
168.78672790527344 
238.44039916992188 
283.2964172363281 
285.47210693359375 
213.7286376953125 
174.37661743164062 
204.36402893066406 
202.1668243408203 
218.77194213867188 
214.0590057373047 
206.51092529296875 
251.22390747070312 
297.29974365234375 
306.03070068359375 
316.0841369628906 
268.59783935546875 
313.84197998046875 
350.87005615234375 
260.7418212890625 
230.1035614013672 
248.48831176757812 
241.74462890625 
215.34170532226562 
210.85525512695312 
235.03640747070312 
285.6627502441406 
345.4198913574219 
289.7131652832031 
183.15286254882812 
249.18222045898438 
256.277587890625 
272.03497314453125 
415.61859130859375 
234.17007446289062 
317.5384216308594 
237.6277618408203 
206.44171142578125 
254.34268188476562 
272.943359375 
231.44183349609375 
261.7701416015625 
172.80458068847656 
249.84988403320312 
255.3910675048828 
228.68385314941406 
354.8504943847656 
223.73367309570312 
221.72789001464844 
281.89068603515625 
275.06390380859375 
222.97735595703125 
242.75967407226562 
195.67098999023438 
257.5858154296875 
202.15528869628906 
253.66587829589844 
224.43179321289062 
250.47567749023438 
212.08224487304688 
308.3583679199219 
200.7323455810547 
224.82711791992188 
234.61196899414062 
274.2161560058594 
273.7596740722656 
254.22735595703125 
267.4727783203125 
171.1813507080078 
191.53817749023438 
201.63096618652344 
304.7865295410156 
274.9609375 
251.92160034179688 
182.1385040283203 
119.16777038574219 
224.7484893798828 
202.44479370117188 
197.19683837890625 
228.7288818359375 
253.5354461669922 
238.82347106933594 
222.6593017578125 
193.67416381835938 
370.8612060546875 
244.65716552734375 
207.13189697265625 
199.1864776611328 
243.29275512695312 
291.7160339355469 
244.4837188720703 
194.64675903320312 
219.92584228515625 
398.530029296875 
235.42877197265625 
224.15444946289062 
206.6869354248047 
285.0078430175781 
206.16004943847656 
269.4281005859375 
214.80206298828125 
261.875244140625 
251.13909912109375 
344.3736267089844 
293.5516357421875 
217.00704956054688 
245.19412231445312 
241.2067108154297 
208.70782470703125 
255.41595458984375 
334.8265380859375 
194.95077514648438 
226.12738037109375 
272.90673828125 
239.42071533203125 
270.52874755859375 
249.9620819091797 
235.28225708007812 
259.150634765625 
232.87966918945312 
259.171630859375 
328.7027282714844 
227.75173950195312 
287.8775329589844 
260.88653564453125 
250.36141967773438 
230.38401794433594 
233.76077270507812 
247.63143920898438 
347.67486572265625 
246.80035400390625 
210.59915161132812 
400.96466064453125 
336.1358947753906 
222.48387145996094 
223.974365234375 
234.966796875 
243.64939880371094 
173.2168426513672 
206.31031799316406 
273.5774230957031 
229.37147521972656 
314.6688537597656 
282.54345703125 
252.47027587890625 
332.33770751953125 
228.70794677734375 
271.056884765625 
228.09225463867188 
188.41220092773438 
312.44671630859375 
199.88858032226562 
292.46380615234375 
218.284423828125 
248.50173950195312 
295.4267578125 
250.60057067871094 
257.08233642578125 
151.14244079589844 
247.43173217773438 
249.10983276367188 
216.88291931152344 
222.12828063964844 
229.13973999023438 
212.27748107910156 
257.4788513183594 
221.56793212890625 
160.40870666503906 
271.98583984375 
269.4665222167969 
158.4666748046875 
208.24989318847656 
236.02679443359375 
238.46725463867188 
193.01162719726562 
221.4248504638672 
215.97439575195312 
236.2254638671875 
176.05364990234375 
260.56976318359375 
198.9921875 
382.9288024902344 
273.7310791015625 
347.8025207519531 
280.6080627441406 
259.96807861328125 
180.36154174804688 
215.4022674560547 
185.66001892089844 
258.71368408203125 
215.885986328125 
245.25991821289062 
186.57131958007812 
184.9584503173828 
200.33253479003906 
369.68731689453125 
242.12530517578125 
260.77581787109375 
221.7840118408203 
258.3387756347656 
309.0794372558594 
247.25042724609375 
258.2342529296875 
142.86070251464844 
204.52874755859375 
246.30091857910156 
213.27049255371094 
165.37289428710938 
285.6064453125 
432.2562561035156 
401.6636047363281 
191.5908203125 
234.72425842285156 
307.8337707519531 
199.07144165039062 
227.90087890625 
228.45083618164062 
271.74176025390625 
223.78353881835938 
203.89584350585938 
209.13497924804688 
271.23309326171875 
229.324462890625 
216.76693725585938 
275.3521423339844 
244.38427734375 
226.36439514160156 
247.42233276367188 
294.88848876953125 
265.1407470703125 
292.63507080078125 
258.7805480957031 
305.1048278808594 
316.17852783203125 
210.23130798339844 
357.6419372558594 
205.7618865966797 
215.26316833496094 
316.5369567871094 
353.39306640625 
401.558837890625 
231.00775146484375 
260.757568359375 
273.4674072265625 
428.32696533203125 
275.17376708984375 
236.82257080078125 
210.56845092773438 
207.44297790527344 
327.287841796875 
176.54071044921875 
236.13864135742188 
225.23851013183594 
311.57513427734375 
239.41354370117188 
312.1757507324219 
145.021728515625 
285.58935546875 
234.6268768310547 
225.81793212890625 
273.5464782714844 
228.23497009277344 
269.307861328125 
245.6471405029297 
298.06549072265625 
336.811767578125 
228.29684448242188 
270.78717041015625 
255.31484985351562 
238.74078369140625 
165.61697387695312 
244.54640197753906 
214.70220947265625 
199.04022216796875 
238.34896850585938 
185.6702117919922 
215.90985107421875 
286.4816589355469 
221.1215057373047 
256.53106689453125 
221.56942749023438 
223.33419799804688 
244.7147674560547 
275.7889099121094 
308.7829895019531 
297.2018737792969 
196.2551727294922 
239.20748901367188 
251.4971466064453 
230.19061279296875 
243.47088623046875 
303.8037414550781 
277.74713134765625 
270.7480163574219 
200.763916015625 
164.81173706054688 
256.22869873046875 
226.5467529296875 
244.24063110351562 
285.20159912109375 
202.46202087402344 
223.39703369140625 
229.70233154296875 
241.25442504882812 
200.45462036132812 
249.65805053710938 
307.7955017089844 
201.16236877441406 
174.46246337890625 
229.18621826171875 
203.5779571533203 
235.70559692382812 
171.10089111328125 
248.39137268066406 
229.9993896484375 
234.4158935546875 
162.73626708984375 
315.37261962890625 
228.09085083007812 
217.67251586914062 
252.4435272216797 
295.0255126953125 
160.04644775390625 
316.3848876953125 
269.96099853515625 
354.9812927246094 
266.0167541503906 
237.83580017089844 
210.31094360351562 
272.85711669921875 
228.53704833984375 
232.5277557373047 
254.33828735351562 
202.78515625 
263.40423583984375 
319.47784423828125 
412.3060302734375 
225.18930053710938 
285.31585693359375 
247.09242248535156 
250.4850311279297 
225.95654296875 
184.46636962890625 
269.1272888183594 
253.3709716796875 
404.042236328125 
290.84161376953125 
311.6544189453125 
244.89718627929688 
245.9458770751953 
298.2435607910156 
195.78189086914062 
223.28799438476562 
278.7712097167969 
266.81182861328125 
235.51669311523438 
230.98895263671875 
321.9000549316406 
146.489990234375 
225.6812744140625 
209.06625366210938 
300.7255859375 
203.06561279296875 
263.6119079589844 
227.090087890625 
234.96768188476562 
291.4601135253906 
279.28857421875 
283.9474182128906 
163.60006713867188 
338.059814453125 
184.67897033691406 
228.538818359375 
244.65444946289062 
342.345458984375 
349.60467529296875 
237.55984497070312 
277.2350769042969 
256.8021545410156 
207.55435180664062 
239.25869750976562 
331.57464599609375 
173.30599975585938 
269.96002197265625 
244.1067657470703 
151.11441040039062 
262.13360595703125 
254.37945556640625 
224.46871948242188 
273.323974609375 
212.8287353515625 
291.3908996582031 
266.03302001953125 
215.35523986816406 
396.8501281738281 
397.747314453125 
203.12579345703125 
230.0008544921875 
218.42333984375 
217.25555419921875 
246.45639038085938 
179.90084838867188 
169.3076934814453 
271.90155029296875 
261.0022888183594 
232.68243408203125 
252.9912109375 
235.4007568359375 
213.6317138671875 
205.2877960205078 
334.7401123046875 
336.91650390625 
208.60137939453125 
204.73312377929688 
246.57366943359375 
263.3150939941406 
236.66793823242188 
294.99066162109375 
315.48602294921875 
293.875732421875 
219.87637329101562 
229.33982849121094 
254.0078887939453 
192.8181610107422 
283.5498962402344 
192.09373474121094 
279.31024169921875 
343.5263977050781 
205.8171844482422 
359.74713134765625 
200.44175720214844 
283.87127685546875 
197.39910888671875 
275.22796630859375 
278.3138732910156 
265.69195556640625 
315.400634765625 
189.8582305908203 
232.14315795898438 
257.14111328125 
272.01885986328125 
229.01296997070312 
213.3361053466797 
251.3024139404297 
271.68194580078125 
296.5600891113281 
172.4856414794922 
312.65435791015625 
349.94281005859375 
366.58154296875 
242.05929565429688 
144.58436584472656 
278.2918701171875 
278.02044677734375 
329.73394775390625 
253.2442169189453 
311.35052490234375 
278.5513000488281 
279.04827880859375 
395.9294128417969 
332.42333984375 
379.4154052734375 
344.9053955078125 
375.14959716796875 
182.8380126953125 
261.4416809082031 
307.8475036621094 
348.851806640625 
290.1921081542969 
221.4774169921875 
318.9976806640625 
300.82843017578125 
249.76466369628906 
217.2553253173828 
273.16571044921875 
249.8237762451172 
297.4032287597656 
265.1295166015625 
304.34466552734375 
335.2587890625 
211.1929931640625 
223.715087890625 
326.6912841796875 
270.86102294921875 
306.67291259765625 
194.2594757080078 
219.09140014648438 
271.2310791015625 
359.1131896972656 
239.44558715820312 
199.7471923828125 
161.65277099609375 
186.06613159179688 
232.798583984375 
189.97296142578125 
276.1302185058594 
334.2763366699219 
197.71795654296875 
213.6580810546875 
256.7005615234375 
190.7601318359375 
215.73004150390625 
340.0765686035156 
194.3610382080078 
213.10317993164062 
303.5129699707031 
224.510009765625 
294.214599609375 
241.33181762695312 
212.3755645751953 
326.16339111328125 
299.048583984375 
343.3694152832031 
246.4767303466797 
235.63497924804688 
192.02200317382812 
331.0269775390625 
298.0208740234375 
262.3453369140625 
225.41864013671875 
236.080322265625 
159.51976013183594 
239.4171600341797 
293.26995849609375 
278.4744873046875 
206.1610870361328 
229.1194305419922 
214.48992919921875 
212.6707305908203 
152.0958709716797 
179.35897827148438 
277.8325500488281 
224.11920166015625 
212.44052124023438 
199.95706176757812 
249.91429138183594 
272.2025146484375 
217.46640014648438 
203.07252502441406 
360.4666748046875 
198.83779907226562 
209.43345642089844 
298.5297546386719 
223.17333984375 
159.1531982421875 
222.95779418945312 
249.64569091796875 
210.351318359375 
333.1351318359375 
227.14724731445312 
179.53460693359375 
353.45098876953125 
255.69662475585938 
222.75697326660156 
260.21380615234375 
231.42086791992188 
271.663330078125 
226.52557373046875 
298.6683654785156 
291.2264709472656 
244.53025817871094 
172.55831909179688 
187.9371337890625 
229.61485290527344 
313.81451416015625 
387.346923828125 
252.322998046875 
193.42356872558594 
381.24932861328125 
215.68702697753906 
229.53810119628906 
240.1266632080078 
164.12779235839844 
203.10568237304688 
274.1529541015625 
400.6860046386719 
217.72052001953125 
257.3215026855469 
270.4039001464844 
310.75909423828125 
291.1525573730469 
278.24072265625 
183.64183044433594 
397.80096435546875 
256.86053466796875 
252.02845764160156 
296.3197021484375 
212.51121520996094 
244.77297973632812 
315.0543212890625 
252.83543395996094 
300.5406188964844 
210.15432739257812 
181.56289672851562 
264.1951904296875 
305.11639404296875 
235.1599884033203 
253.19676208496094 
273.54217529296875 
245.4716796875 
260.7581787109375 
185.47598266601562 
233.904296875 
217.63687133789062 
273.0733947753906 
214.09774780273438 
191.76670837402344 
181.33187866210938 
187.42303466796875 
338.0707092285156 
262.42889404296875 
190.24136352539062 
277.91326904296875 
205.66610717773438 
286.51470947265625 
214.11947631835938 
294.624755859375 
287.93389892578125 
302.51531982421875 
264.5040283203125 
211.46131896972656 
214.49929809570312 
319.93212890625 
213.65176391601562 
268.7823486328125 
356.83941650390625 
205.20692443847656 
233.2818145751953 
208.14190673828125 
156.00558471679688 
366.4547119140625 
287.6611022949219 
306.9166259765625 
216.878662109375 
258.26513671875 
216.17727661132812 
230.72572326660156 
238.19317626953125 
227.24188232421875 
196.333740234375 
203.67489624023438 
241.98658752441406 
189.10568237304688 
208.7005157470703 
209.9978485107422 
245.8179931640625 
228.75340270996094 
205.27398681640625 
336.2994384765625 
296.0047607421875 
178.25613403320312 
268.5087890625 
318.0960693359375 
237.95985412597656 
226.37237548828125 
250.0699005126953 
177.18482971191406 
259.6558837890625 
241.11294555664062 
234.27493286132812 
257.1544189453125 
507.3328552246094 
216.90530395507812 
282.18505859375 
257.29339599609375 
233.3262481689453 
278.6663513183594 
218.2125701904297 
255.83013916015625 
177.1678009033203 
330.8707275390625 
288.3414306640625 
251.12261962890625 
262.3614196777344 
300.91302490234375 
246.10250854492188 
330.42205810546875 
310.6505126953125 
322.16552734375 
164.92962646484375 
151.34115600585938 
231.02316284179688 
286.1092529296875 
205.7198486328125 
158.27549743652344 
220.82835388183594 
172.9281768798828 
227.260498046875 
208.29302978515625 
281.20391845703125 
217.51754760742188 
285.4433288574219 
199.03125 
287.44671630859375 
293.8038024902344 
282.2768249511719 
223.05929565429688 
285.26873779296875 
227.89015197753906 
165.8472137451172 
295.50555419921875 
249.76022338867188 
245.74130249023438 
321.7923889160156 
293.93115234375 
202.70115661621094 
213.18516540527344 
217.34725952148438 
258.28204345703125 
270.99212646484375 
232.85562133789062 
306.0791931152344 
275.9285888671875 
261.616455078125 
311.63531494140625 
250.24151611328125 
232.44566345214844 
208.79458618164062 
283.27484130859375 
325.7060546875 
246.74191284179688 
278.5960693359375 
185.71920776367188 
245.42849731445312 
339.7740173339844 
238.04859924316406 
232.48446655273438 
299.0125427246094 
208.8371124267578 
365.81463623046875 
238.1916046142578 
263.08843994140625 
312.1094970703125 
277.12579345703125 
249.3224639892578 
244.53350830078125 
240.18923950195312 
246.47312927246094 
257.2236328125 
337.84686279296875 
279.8326416015625 
204.91793823242188 
302.49627685546875 
191.5367431640625 
254.36231994628906 
145.60008239746094 
236.51065063476562 
241.52593994140625 
250.9833221435547 
247.828125 
197.24191284179688 
271.7990417480469 
297.317626953125 
178.79232788085938 
235.81991577148438 
222.48175048828125 
273.0548095703125 
197.189208984375 
219.23284912109375 
246.130615234375 
189.166748046875 
222.47898864746094 
200.643798828125 
273.1755676269531 
271.73974609375 
298.3795471191406 
129.46575927734375 
238.9214630126953 
243.52613830566406 
211.54962158203125 
259.52252197265625 
163.39569091796875 
230.25881958007812 
250.08497619628906 
232.49801635742188 
199.56358337402344 
254.1497344970703 
209.54855346679688 
299.7548522949219 
187.82891845703125 
203.9580078125 
404.79266357421875 
213.49537658691406 
227.80715942382812 
369.0975341796875 
264.99237060546875 
279.27655029296875 
204.6673126220703 
209.17843627929688 
255.46206665039062 
244.5682373046875 
245.5601806640625 
264.7335205078125 
314.0274353027344 
175.4200439453125 
205.02944946289062 
219.69241333007812 
220.73533630371094 
245.15292358398438 
254.73876953125 
263.5347900390625 
261.9200134277344 
266.0244140625 
258.54449462890625 
267.26312255859375 
246.6481170654297 
336.60418701171875 
216.25662231445312 
170.03048706054688 
269.720458984375 
219.06993103027344 
224.53604125976562 
184.48696899414062 
280.4474182128906 
262.99505615234375 
280.3777770996094 
293.7291259765625 
212.61245727539062 
321.1202392578125 
192.7918701171875 
249.94883728027344 
266.0775146484375 
228.70896911621094 
232.4356689453125 
197.3060302734375 
168.83694458007812 
283.51025390625 
192.8477783203125 
274.56951904296875 
273.81976318359375 
243.60797119140625 
291.8692626953125 
217.44223022460938 
234.04397583007812 
221.34689331054688 
209.1710662841797 
249.05343627929688 
165.1973876953125 
210.091552734375 
199.2188262939453 
263.1447448730469 
207.09877014160156 
263.789794921875 
282.865478515625 
254.81182861328125 
222.83453369140625 
239.34893798828125 
165.83168029785156 
210.01129150390625 
388.80291748046875 
190.49441528320312 
217.14120483398438 
258.0556335449219 
161.25015258789062 
220.18228149414062 
164.03564453125 
225.120849609375 
254.51307678222656 
187.72564697265625 
215.35101318359375 
200.48822021484375 
233.40863037109375 
200.4790496826172 
198.00234985351562 
245.65313720703125 
198.46511840820312 
261.75958251953125 
233.73550415039062 
260.41900634765625 
163.846435546875 
244.1031494140625 
266.73468017578125 
320.95111083984375 
208.6944122314453 
290.2115478515625 
266.0754089355469 
248.4732208251953 
280.3868408203125 
312.2359619140625 
204.95901489257812 
217.4921875 
235.20755004882812 
343.21624755859375 
265.34161376953125 
250.44097900390625 
307.8172912597656 
206.7113037109375 
202.52134704589844 
242.6341552734375 
226.20098876953125 
273.16583251953125 
143.10385131835938 
160.45745849609375 
326.19085693359375 
260.7042236328125 
297.3129577636719 
218.70169067382812 
218.65298461914062 
282.3721923828125 
367.45989990234375 
256.92279052734375 
196.86785888671875 
230.21896362304688 
263.15625 
341.626708984375 
207.58218383789062 
272.0031433105469 
190.73568725585938 
209.5904541015625 
284.22637939453125 
320.859619140625 
246.67205810546875 
174.69403076171875 
238.15602111816406 
208.4478759765625 
203.66348266601562 
285.7315979003906 
122.96392822265625 
221.6466522216797 
265.588623046875 
191.96533203125 
452.2784423828125 
281.14447021484375 
263.72369384765625 
215.72930908203125 
222.62408447265625 
233.5946502685547 
222.28794860839844 
277.07623291015625 
218.08135986328125 
205.30743408203125 
289.7607421875 
192.19241333007812 
172.788818359375 
189.10728454589844 
222.58648681640625 
227.08303833007812 
243.084228515625 
190.65557861328125 
254.94300842285156 
245.78147888183594 
350.2897033691406 
283.88543701171875 
295.2108154296875 
292.26312255859375 
223.40325927734375 
260.5486145019531 
184.90353393554688 
173.26052856445312 
230.42617797851562 
170.502197265625 
245.94979858398438 
260.56903076171875 
333.8394470214844 
245.655029296875 
260.82843017578125 
217.03594970703125 
304.3353271484375 
257.74908447265625 
276.19769287109375 
329.31158447265625 
249.9122314453125 
293.08856201171875 
203.24066162109375 
313.58502197265625 
194.148681640625 
222.699951171875 
156.78030395507812 
230.80499267578125 
211.0786895751953 
207.781494140625 
224.227294921875 
328.730712890625 
245.03602600097656 
304.27886962890625 
174.19699096679688 
264.8057861328125 
188.58583068847656 
199.9185791015625 
258.80609130859375 
264.220458984375 
234.70556640625 
219.0948944091797 
294.7060546875 
223.6836395263672 
240.20802307128906 
247.28204345703125 
247.3402862548828 
274.67120361328125 
226.89834594726562 
253.07290649414062 
221.86126708984375 
297.9747619628906 
256.38330078125 
179.93829345703125 
220.0032196044922 
236.07870483398438 
315.9203796386719 
261.4425048828125 
319.29058837890625 
245.17333984375 
220.811767578125 
321.59014892578125 
306.30841064453125 
292.72998046875 
304.1866455078125 
266.8372497558594 
276.97100830078125 
205.1348876953125 
328.96044921875 
300.9664001464844 
229.77227783203125 
249.26486206054688 
291.6910095214844 
315.36767578125 
287.058837890625 
274.4151611328125 
273.3296203613281 
197.5557861328125 
205.67620849609375 
283.9127197265625 
231.73460388183594 
205.0774383544922 
288.63983154296875 
233.891845703125 
309.426513671875 
264.8354187011719 
268.2138671875 
241.88482666015625 
280.29534912109375 
312.5730895996094 
267.81744384765625 
325.76300048828125 
248.76889038085938 
206.76068115234375 
263.239501953125 
223.9119110107422 
295.8354187011719 
234.85836791992188 
273.6904602050781 
264.9244689941406 
325.91015625 
324.392578125 
295.13568115234375 
289.4098815917969 
253.4965057373047 
190.973388671875 
252.69427490234375 
303.77801513671875 
159.73611450195312 
280.7104187011719 
299.14337158203125 
342.5707702636719 
253.60546875 
255.7904052734375 
221.53619384765625 
384.56390380859375 
265.6211242675781 
288.5679931640625 
288.39739990234375 
242.73175048828125 
288.44732666015625 
247.6787872314453 
252.54098510742188 
300.30078125 
252.35906982421875 
212.92311096191406 
282.7890625 
254.67279052734375 
356.60833740234375 
248.64230346679688 
274.721435546875 
225.01272583007812 
304.00433349609375 
335.572021484375 
359.39117431640625 
243.99603271484375 
319.28466796875 
218.2438201904297 
303.5775146484375 
363.0824279785156 
297.8110656738281 
243.2362060546875 
308.7393798828125 
346.2064514160156 
319.67327880859375 
336.93310546875 
342.78094482421875 
289.0014343261719 
298.7528076171875 
262.5455322265625 
226.71490478515625 
314.89642333984375 
223.13720703125 
270.32269287109375 
327.0718994140625 
318.2009582519531 
326.8460693359375 
245.4154052734375 
280.94873046875 
311.8424072265625 
275.7574157714844 
303.7874755859375 
264.3163146972656 
265.87286376953125 
303.2381286621094 
352.9585266113281 
296.1165771484375 
388.8922424316406 
242.5967254638672 
275.955322265625 
246.39366149902344 
248.38113403320312 
354.3541564941406 
296.96624755859375 
272.0357971191406 
281.3747863769531 
275.65264892578125 
286.8125305175781 
339.8244934082031 
273.624267578125 
253.83352661132812 
260.33831787109375 
332.9024658203125 
233.00405883789062 
270.33050537109375 
334.37738037109375 
242.03118896484375 
278.3885803222656 
323.6121826171875 
294.919189453125 
279.917236328125 
289.5921936035156 
364.118896484375 
220.6505584716797 
289.7158203125 
192.16867065429688 
337.40069580078125 
339.96258544921875 
253.29168701171875 
198.91943359375 
278.85565185546875 
313.1568298339844 
353.06512451171875 
273.6307067871094 
238.01632690429688 
310.20330810546875 
319.291259765625 
250.8612060546875 
256.73577880859375 
292.081787109375 
337.8079833984375 
267.4013977050781 
268.08551025390625 
276.319091796875 
264.15185546875 
247.38589477539062 
234.54910278320312 
336.443115234375 
283.8790588378906 
352.3193054199219 
273.81060791015625 
356.62994384765625 
300.09234619140625 
321.9205322265625 
303.77056884765625 
344.3881530761719 
395.7509460449219 
291.86285400390625 
282.13287353515625 
272.6887512207031 
299.557861328125 
299.47808837890625 
288.1856689453125 
349.90716552734375 
307.2643737792969 
263.2127380371094 
294.6595458984375 
252.7693634033203 
300.7776794433594 
284.3411865234375 
342.87481689453125 
247.5234832763672 
326.97625732421875 
270.5902404785156 
292.26239013671875 
338.4319763183594 
318.6055603027344 
262.13702392578125 
232.30148315429688 
244.07693481445312 
315.74212646484375 
255.33958435058594 
326.73712158203125 
306.5535583496094 
311.5295104980469 
310.22998046875 
261.0391845703125 
266.4989318847656 
265.76959228515625 
253.17861938476562 
214.19850158691406 
291.6564636230469 
289.36383056640625 
296.845703125 
297.81365966796875 
316.4441223144531 
270.5419921875 
216.49310302734375 
334.50994873046875 
